# downloaded from http://physics.nist.gov/PhysRefData/Xcom/html/xcom1.html
# Constituents (Atomic Number : Fraction by Weight)
#  Z=30   : 0.027790
#  Z=48   : 0.430016
#  Z=52   : 0.542194
#  Corresponds to Cd09.Zn0.1Te, density is 5.78 gm/cc
# Photon    Coherent    Incoher.    Photoel.    Nuclear     Electron    Tot. w/     Tot. wo/   
# Energy    Scatter.    Scatter.    Absorb.     Pr. Prd.    Pr. Prd.    Coherent    Coherent   
#  (MeV)    (cm2/g)     (cm2/g)     (cm2/g)     (cm2/g)     (cm2/g)     (cm2/g)     (cm2/g)
1.000E-03   7.877E+00   5.067E-03   7.769E+03   0.000E+00   0.000E+00   7.777E+03   7.769E+03
1.000E-03   7.877E+00   5.067E-03   7.769E+03   0.000E+00   0.000E+00   7.777E+03   7.769E+03
1.004E-03   7.874E+00   5.100E-03   7.702E+03   0.000E+00   0.000E+00   7.710E+03   7.702E+03
1.006E-03   7.872E+00   5.116E-03   7.670E+03   0.000E+00   0.000E+00   7.677E+03   7.670E+03
1.006E-03   7.872E+00   5.116E-03   7.861E+03   0.000E+00   0.000E+00   7.869E+03   7.861E+03
1.008E-03   7.871E+00   5.132E-03   7.827E+03   0.000E+00   0.000E+00   7.835E+03   7.827E+03
1.014E-03   7.866E+00   5.180E-03   7.724E+03   0.000E+00   0.000E+00   7.732E+03   7.724E+03
1.020E-03   7.861E+00   5.226E-03   7.628E+03   0.000E+00   0.000E+00   7.636E+03   7.628E+03
1.020E-03   7.861E+00   5.226E-03   7.685E+03   0.000E+00   0.000E+00   7.692E+03   7.685E+03
1.020E-03   7.861E+00   5.229E-03   7.680E+03   0.000E+00   0.000E+00   7.688E+03   7.680E+03
1.031E-03   7.852E+00   5.318E-03   7.535E+03   0.000E+00   0.000E+00   7.543E+03   7.535E+03
1.043E-03   7.843E+00   5.415E-03   7.397E+03   0.000E+00   0.000E+00   7.405E+03   7.397E+03
1.043E-03   7.843E+00   5.415E-03   7.446E+03   0.000E+00   0.000E+00   7.454E+03   7.446E+03
1.043E-03   7.843E+00   5.416E-03   7.443E+03   0.000E+00   0.000E+00   7.451E+03   7.443E+03
1.116E-03   7.785E+00   6.022E-03   6.420E+03   0.000E+00   0.000E+00   6.428E+03   6.420E+03
1.194E-03   7.722E+00   6.681E-03   5.545E+03   0.000E+00   0.000E+00   5.553E+03   5.545E+03
1.194E-03   7.722E+00   6.681E-03   5.574E+03   0.000E+00   0.000E+00   5.582E+03   5.574E+03
1.194E-03   7.721E+00   6.684E-03   5.570E+03   0.000E+00   0.000E+00   5.577E+03   5.570E+03
1.248E-03   7.677E+00   7.149E-03   5.045E+03   0.000E+00   0.000E+00   5.052E+03   5.045E+03
1.305E-03   7.630E+00   7.644E-03   4.565E+03   0.000E+00   0.000E+00   4.573E+03   4.565E+03
1.500E-03   7.461E+00   9.348E-03   3.343E+03   0.000E+00   0.000E+00   3.350E+03   3.343E+03
1.560E-03   7.407E+00   9.870E-03   3.045E+03   0.000E+00   0.000E+00   3.053E+03   3.045E+03
1.694E-03   7.285E+00   1.102E-02   2.503E+03   0.000E+00   0.000E+00   2.510E+03   2.503E+03
1.839E-03   7.150E+00   1.226E-02   2.059E+03   0.000E+00   0.000E+00   2.066E+03   2.059E+03
2.000E-03   7.000E+00   1.362E-02   1.686E+03   0.000E+00   0.000E+00   1.693E+03   1.686E+03
2.484E-03   6.554E+00   1.759E-02   9.860E+02   0.000E+00   0.000E+00   9.926E+02   9.860E+02
2.502E-03   6.538E+00   1.773E-02   9.685E+02   0.000E+00   0.000E+00   9.751E+02   9.685E+02
2.520E-03   6.522E+00   1.788E-02   9.515E+02   0.000E+00   0.000E+00   9.580E+02   9.515E+02
2.553E-03   6.492E+00   1.814E-02   9.213E+02   0.000E+00   0.000E+00   9.279E+02   9.214E+02
2.586E-03   6.462E+00   1.841E-02   8.925E+02   0.000E+00   0.000E+00   8.990E+02   8.925E+02
2.605E-03   6.445E+00   1.856E-02   8.765E+02   0.000E+00   0.000E+00   8.830E+02   8.765E+02
2.625E-03   6.427E+00   1.872E-02   8.601E+02   0.000E+00   0.000E+00   8.665E+02   8.601E+02
2.743E-03   6.323E+00   1.965E-02   7.714E+02   0.000E+00   0.000E+00   7.777E+02   7.714E+02
2.866E-03   6.215E+00   2.060E-02   6.920E+02   0.000E+00   0.000E+00   6.983E+02   6.920E+02
3.000E-03   6.100E+00   2.163E-02   6.180E+02   0.000E+00   0.000E+00   6.241E+02   6.180E+02
3.066E-03   6.043E+00   2.214E-02   5.847E+02   0.000E+00   0.000E+00   5.908E+02   5.847E+02
3.206E-03   5.926E+00   2.319E-02   5.219E+02   0.000E+00   0.000E+00   5.278E+02   5.219E+02
3.351E-03   5.807E+00   2.426E-02   4.663E+02   0.000E+00   0.000E+00   4.721E+02   4.663E+02
3.436E-03   5.738E+00   2.488E-02   4.375E+02   0.000E+00   0.000E+00   4.433E+02   4.375E+02
3.524E-03   5.669E+00   2.551E-02   4.102E+02   0.000E+00   0.000E+00   4.159E+02   4.103E+02
3.537E-03   5.658E+00   2.561E-02   4.063E+02   0.000E+00   0.000E+00   4.119E+02   4.063E+02
3.537E-03   5.658E+00   2.561E-02   7.479E+02   0.000E+00   0.000E+00   7.536E+02   7.480E+02
3.539E-03   5.657E+00   2.562E-02   7.472E+02   0.000E+00   0.000E+00   7.528E+02   7.472E+02
3.554E-03   5.645E+00   2.573E-02   7.393E+02   0.000E+00   0.000E+00   7.450E+02   7.394E+02
3.678E-03   5.549E+00   2.661E-02   6.787E+02   0.000E+00   0.000E+00   6.843E+02   6.787E+02
3.727E-03   5.511E+00   2.695E-02   6.566E+02   0.000E+00   0.000E+00   6.621E+02   6.566E+02
3.727E-03   5.511E+00   2.695E-02   8.183E+02   0.000E+00   0.000E+00   8.238E+02   8.183E+02
3.806E-03   5.450E+00   2.751E-02   7.769E+02   0.000E+00   0.000E+00   7.824E+02   7.770E+02
3.828E-03   5.434E+00   2.766E-02   7.659E+02   0.000E+00   0.000E+00   7.714E+02   7.660E+02
3.851E-03   5.416E+00   2.782E-02   7.547E+02   0.000E+00   0.000E+00   7.601E+02   7.547E+02
4.000E-03   5.304E+00   2.884E-02   6.871E+02   0.000E+00   0.000E+00   6.924E+02   6.871E+02
4.018E-03   5.291E+00   2.896E-02   6.794E+02   0.000E+00   0.000E+00   6.847E+02   6.794E+02
4.018E-03   5.291E+00   2.896E-02   7.524E+02   0.000E+00   0.000E+00   7.577E+02   7.524E+02
4.038E-03   5.276E+00   2.909E-02   7.430E+02   0.000E+00   0.000E+00   7.483E+02   7.431E+02
4.341E-03   5.060E+00   3.109E-02   6.189E+02   0.000E+00   0.000E+00   6.240E+02   6.189E+02
4.341E-03   5.060E+00   3.109E-02   9.010E+02   0.000E+00   0.000E+00   9.061E+02   9.010E+02
4.478E-03   4.967E+00   3.198E-02   8.401E+02   0.000E+00   0.000E+00   8.451E+02   8.402E+02
4.612E-03   4.878E+00   3.284E-02   7.861E+02   0.000E+00   0.000E+00   7.910E+02   7.861E+02
4.612E-03   4.878E+00   3.284E-02   9.189E+02   0.000E+00   0.000E+00   9.238E+02   9.189E+02
4.773E-03   4.772E+00   3.385E-02   8.462E+02   0.000E+00   0.000E+00   8.510E+02   8.462E+02
4.939E-03   4.665E+00   3.489E-02   7.792E+02   0.000E+00   0.000E+00   7.839E+02   7.793E+02
4.939E-03   4.665E+00   3.489E-02   8.460E+02   0.000E+00   0.000E+00   8.507E+02   8.461E+02
4.966E-03   4.648E+00   3.505E-02   8.346E+02   0.000E+00   0.000E+00   8.393E+02   8.347E+02
5.000E-03   4.627E+00   3.526E-02   8.205E+02   0.000E+00   0.000E+00   8.252E+02   8.205E+02
5.989E-03   4.066E+00   4.104E-02   5.181E+02   0.000E+00   0.000E+00   5.222E+02   5.182E+02
6.000E-03   4.061E+00   4.110E-02   5.157E+02   0.000E+00   0.000E+00   5.198E+02   5.158E+02
6.539E-03   3.795E+00   4.406E-02   4.112E+02   0.000E+00   0.000E+00   4.150E+02   4.112E+02
6.819E-03   3.667E+00   4.555E-02   3.682E+02   0.000E+00   0.000E+00   3.719E+02   3.682E+02
7.112E-03   3.540E+00   4.708E-02   3.296E+02   0.000E+00   0.000E+00   3.332E+02   3.296E+02
7.404E-03   3.421E+00   4.857E-02   2.965E+02   0.000E+00   0.000E+00   2.999E+02   2.965E+02
7.709E-03   3.302E+00   5.009E-02   2.666E+02   0.000E+00   0.000E+00   2.699E+02   2.666E+02
8.000E-03   3.195E+00   5.151E-02   2.418E+02   0.000E+00   0.000E+00   2.450E+02   2.418E+02
8.333E-03   3.080E+00   5.310E-02   2.168E+02   0.000E+00   0.000E+00   2.199E+02   2.169E+02
8.971E-03   2.878E+00   5.602E-02   1.780E+02   0.000E+00   0.000E+00   1.809E+02   1.780E+02
9.659E-03   2.684E+00   5.900E-02   1.461E+02   0.000E+00   0.000E+00   1.488E+02   1.461E+02
9.659E-03   2.684E+00   5.900E-02   1.522E+02   0.000E+00   0.000E+00   1.549E+02   1.522E+02
9.659E-03   2.684E+00   5.900E-02   1.521E+02   0.000E+00   0.000E+00   1.549E+02   1.522E+02
1.000E-02   2.596E+00   6.042E-02   1.387E+02   0.000E+00   0.000E+00   1.414E+02   1.388E+02
1.304E-02   1.988E+00   7.129E-02   6.735E+01   0.000E+00   0.000E+00   6.941E+01   6.742E+01
1.500E-02   1.706E+00   7.689E-02   4.597E+01   0.000E+00   0.000E+00   4.775E+01   4.605E+01
1.520E-02   1.680E+00   7.741E-02   4.431E+01   0.000E+00   0.000E+00   4.607E+01   4.439E+01
1.553E-02   1.640E+00   7.824E-02   4.175E+01   0.000E+00   0.000E+00   4.347E+01   4.183E+01
1.586E-02   1.600E+00   7.905E-02   3.939E+01   0.000E+00   0.000E+00   4.106E+01   3.946E+01
1.781E-02   1.392E+00   8.342E-02   2.855E+01   0.000E+00   0.000E+00   3.003E+01   2.864E+01
2.000E-02   1.200E+00   8.759E-02   2.070E+01   0.000E+00   0.000E+00   2.198E+01   2.078E+01
2.551E-02   8.568E-01   9.567E-02   1.044E+01   0.000E+00   0.000E+00   1.139E+01   1.054E+01
2.671E-02   8.019E-01   9.706E-02   9.172E+00   0.000E+00   0.000E+00   1.007E+01   9.269E+00
2.671E-02   8.019E-01   9.706E-02   2.716E+01   0.000E+00   0.000E+00   2.806E+01   2.726E+01
3.000E-02   6.775E-01   1.003E-01   2.002E+01   0.000E+00   0.000E+00   2.080E+01   2.012E+01
3.181E-02   6.219E-01   1.018E-01   1.713E+01   0.000E+00   0.000E+00   1.786E+01   1.723E+01
3.181E-02   6.219E-01   1.018E-01   3.365E+01   0.000E+00   0.000E+00   3.437E+01   3.375E+01
4.000E-02   4.419E-01   1.070E-01   1.844E+01   0.000E+00   0.000E+00   1.899E+01   1.855E+01
5.000E-02   3.130E-01   1.105E-01   1.007E+01   0.000E+00   0.000E+00   1.049E+01   1.018E+01
6.000E-02   2.328E-01   1.121E-01   6.092E+00   0.000E+00   0.000E+00   6.437E+00   6.204E+00
8.000E-02   1.427E-01   1.123E-01   2.716E+00   0.000E+00   0.000E+00   2.971E+00   2.828E+00
8.800E-02   1.209E-01   1.118E-01   2.072E+00   0.000E+00   0.000E+00   2.305E+00   2.184E+00
1.000E-01   9.660E-02   1.106E-01   1.438E+00   0.000E+00   0.000E+00   1.646E+00   1.549E+00
1.500E-01   4.691E-02   1.040E-01   4.482E-01   0.000E+00   0.000E+00   5.991E-01   5.522E-01
2.000E-01   2.769E-02   9.736E-02   1.960E-01   0.000E+00   0.000E+00   3.211E-01   2.934E-01
3.000E-01   1.289E-02   8.641E-02   6.245E-02   0.000E+00   0.000E+00   1.617E-01   1.489E-01
4.000E-01   7.413E-03   7.818E-02   2.868E-02   0.000E+00   0.000E+00   1.143E-01   1.069E-01
5.000E-01   4.805E-03   7.176E-02   1.613E-02   0.000E+00   0.000E+00   9.270E-02   8.789E-02
6.000E-01   3.366E-03   6.663E-02   1.031E-02   0.000E+00   0.000E+00   8.031E-02   7.695E-02
8.000E-01   1.912E-03   5.874E-02   5.332E-03   0.000E+00   0.000E+00   6.598E-02   6.407E-02
1.000E+00   1.230E-03   5.288E-02   3.330E-03   0.000E+00   0.000E+00   5.744E-02   5.621E-02
1.022E+00   1.178E-03   5.235E-02   3.168E-03   0.000E+00   0.000E+00   5.669E-02   5.551E-02
1.250E+00   7.898E-04   4.735E-02   2.137E-03   1.688E-04   0.000E+00   5.045E-02   4.966E-02
1.500E+00   5.493E-04   4.307E-02   1.531E-03   7.852E-04   0.000E+00   4.593E-02   4.539E-02
2.000E+00   3.097E-04   3.678E-02   9.323E-04   2.685E-03   0.000E+00   4.071E-02   4.040E-02
2.044E+00   2.965E-04   3.633E-02   8.995E-04   2.871E-03   0.000E+00   4.040E-02   4.010E-02
3.000E+00   1.378E-04   2.896E-02   4.952E-04   6.863E-03   1.013E-05   3.646E-02   3.633E-02
4.000E+00   7.759E-05   2.416E-02   3.285E-04   1.058E-02   4.132E-05   3.519E-02   3.511E-02
5.000E+00   4.968E-05   2.087E-02   2.431E-04   1.379E-02   8.224E-05   3.503E-02   3.498E-02
6.000E+00   3.449E-05   1.845E-02   1.920E-04   1.656E-02   1.262E-04   3.536E-02   3.533E-02
7.000E+00   2.534E-05   1.658E-02   1.582E-04   1.903E-02   1.700E-04   3.597E-02   3.594E-02
8.000E+00   1.941E-05   1.509E-02   1.343E-04   2.125E-02   2.123E-04   3.671E-02   3.669E-02
9.000E+00   1.533E-05   1.388E-02   1.165E-04   2.327E-02   2.528E-04   3.753E-02   3.751E-02
1.000E+01   1.242E-05   1.286E-02   1.029E-04   2.512E-02   2.913E-04   3.838E-02   3.837E-02
1.100E+01   1.026E-05   1.199E-02   9.200E-05   2.682E-02   3.277E-04   3.924E-02   3.923E-02
1.200E+01   8.626E-06   1.125E-02   8.320E-05   2.839E-02   3.620E-04   4.009E-02   4.008E-02
1.300E+01   7.350E-06   1.059E-02   7.589E-05   2.985E-02   3.944E-04   4.092E-02   4.091E-02
1.400E+01   6.337E-06   1.002E-02   6.980E-05   3.119E-02   4.252E-04   4.172E-02   4.171E-02
1.500E+01   5.521E-06   9.515E-03   6.455E-05   3.244E-02   4.542E-04   4.248E-02   4.247E-02
1.600E+01   4.852E-06   9.063E-03   6.006E-05   3.359E-02   4.819E-04   4.320E-02   4.320E-02
1.800E+01   3.834E-06   8.281E-03   5.271E-05   3.571E-02   5.332E-04   4.458E-02   4.458E-02
2.000E+01   3.105E-06   7.638E-03   4.695E-05   3.760E-02   5.797E-04   4.587E-02   4.587E-02
2.200E+01   2.566E-06   7.095E-03   4.232E-05   3.932E-02   6.224E-04   4.708E-02   4.708E-02
2.400E+01   2.157E-06   6.627E-03   3.850E-05   4.088E-02   6.614E-04   4.821E-02   4.821E-02
2.600E+01   1.838E-06   6.225E-03   3.532E-05   4.231E-02   6.976E-04   4.927E-02   4.926E-02
2.800E+01   1.584E-06   5.871E-03   3.263E-05   4.361E-02   7.311E-04   5.024E-02   5.024E-02
3.000E+01   1.380E-06   5.559E-03   3.031E-05   4.481E-02   7.621E-04   5.116E-02   5.116E-02
4.000E+01   7.764E-07   4.418E-03   2.237E-05   4.970E-02   8.911E-04   5.503E-02   5.503E-02
5.000E+01   4.969E-07   3.688E-03   1.772E-05   5.332E-02   9.893E-04   5.801E-02   5.801E-02
6.000E+01   3.450E-07   3.178E-03   1.467E-05   5.611E-02   1.067E-03   6.037E-02   6.037E-02
8.000E+01   1.941E-07   2.506E-03   1.091E-05   6.029E-02   1.184E-03   6.399E-02   6.399E-02
1.000E+02   1.242E-07   2.080E-03   8.682E-06   6.323E-02   1.269E-03   6.659E-02   6.659E-02
1.500E+02   5.521E-08   1.481E-03   5.749E-06   6.792E-02   1.409E-03   7.081E-02   7.081E-02
2.000E+02   3.105E-08   1.161E-03   4.297E-06   7.075E-02   1.497E-03   7.342E-02   7.342E-02
3.000E+02   1.380E-08   8.231E-04   2.856E-06   7.399E-02   1.605E-03   7.643E-02   7.643E-02
4.000E+02   7.764E-09   6.446E-04   2.138E-06   7.589E-02   1.670E-03   7.820E-02   7.820E-02
5.000E+02   4.969E-09   5.336E-04   1.709E-06   7.713E-02   1.714E-03   7.938E-02   7.938E-02
6.000E+02   3.450E-09   4.569E-04   1.423E-06   7.803E-02   1.747E-03   8.023E-02   8.023E-02
8.000E+02   1.941E-09   3.569E-04   1.066E-06   7.920E-02   1.791E-03   8.135E-02   8.135E-02
1.000E+03   1.242E-09   2.936E-04   8.525E-07   7.997E-02   1.821E-03   8.209E-02   8.209E-02
1.500E+03   5.521E-10   2.050E-04   5.679E-07   8.104E-02   1.865E-03   8.312E-02   8.312E-02
2.000E+03   3.105E-10   1.587E-04   4.259E-07   8.167E-02   1.890E-03   8.372E-02   8.372E-02
3.000E+03   1.380E-10   1.103E-04   2.838E-07   8.231E-02   1.917E-03   8.434E-02   8.434E-02
4.000E+03   7.764E-11   8.517E-05   2.128E-07   8.266E-02   1.933E-03   8.468E-02   8.468E-02
5.000E+03   4.969E-11   6.964E-05   1.702E-07   8.289E-02   1.943E-03   8.490E-02   8.490E-02
6.000E+03   3.450E-11   5.906E-05   1.419E-07   8.304E-02   1.950E-03   8.505E-02   8.505E-02
8.000E+03   1.941E-11   4.550E-05   1.064E-07   8.324E-02   1.959E-03   8.524E-02   8.524E-02
1.000E+04   1.242E-11   3.715E-05   8.510E-08   8.336E-02   1.965E-03   8.536E-02   8.536E-02
1.500E+04   5.521E-12   2.567E-05   5.674E-08   8.354E-02   1.973E-03   8.553E-02   8.553E-02
2.000E+04   3.105E-12   1.974E-05   4.254E-08   8.364E-02   1.977E-03   8.563E-02   8.563E-02
3.000E+04   1.380E-12   1.361E-05   2.836E-08   8.373E-02   1.981E-03   8.573E-02   8.573E-02
4.000E+04   7.764E-13   1.045E-05   2.127E-08   8.378E-02   1.984E-03   8.578E-02   8.578E-02
5.000E+04   4.969E-13   8.510E-06   1.702E-08   8.381E-02   1.986E-03   8.581E-02   8.581E-02
6.000E+04   3.450E-13   7.193E-06   1.418E-08   8.383E-02   1.987E-03   8.583E-02   8.583E-02
8.000E+04   1.941E-13   5.514E-06   1.064E-08   8.386E-02   1.988E-03   8.585E-02   8.585E-02
1.000E+05   1.242E-13   4.487E-06   8.510E-09   8.388E-02   1.989E-03   8.588E-02   8.588E-02
